ISBN




9780077328283




9780077480004



9780077466817


9780078110825






9781118312926




9780471479512


9780077505035







9780073527130



9780077476564







9780870519208



9780132567237


9780538476232





9781111348632


9780194366281


9780194366236



9780131776487


9780131363304


9780194397124



9781424043705


9781424043736


9781424079087


9780132056779



9781424062102


9781424051014



9780132409889


9780131899889



9780131939240


9780131939226


9780131912434



9789814232678



9780138143886


9780521188272


9780521188340



9780132345248



9780194366205



9780521747899


9780521747868


9780131939189


9780131912847


9780136133353



9780132275552


9780131731448


9780194397148



9780194397094



9780135027714


9780821571064


9780521545228


9780136133131







9780073530987



9781577664307






9780757597749






9780500510506



9780500287811






9780881334012


9780881336023







9781121213517







9780077347314




























9781401837402


9780073526485




















9780192842138



























9780321705204


9780321706614



9780321701534







9780393147469






9780393147469






9780077962098







9780077962098













9780077465452


9780077280079


9780077960780




























9781133008361



9780538734943






9781133008361



9780538734943






9781133008361



9780538734943






9781133008361



9780538734943





9781133008361



9780538734943






9781133008361



9780538734943






9780874840537



9780077350024









9780937029015













9780073522524







9780321622235







9780321622235







9780321558893






654614204912


9781451156737



9781605471020



9781256304432








654614204912


9781451156737



9781605471020



9781256304432








654614204912


9781451156737



9781605471020



9781256304432







654614204912


9781451156737



9781605471020



9781256304432








9780321558893







9781451156737



9781605471020



9781256304432








9781451156737



9781605471020



9781256304432








9780195390056





































































9780840061553






















































9780321652874


9780321830159






9780321652874


9780321830159






9780321652874


9780321830159






9780321652874


9780321830159






9780558958879






9780558958879







9780558958879







9780558958879







9781118057636







9781118057636







9780538745802



9781133008422




9781133387947




9781111820510






9780538745802



9781133008422




9781133387947




9781111820510







9780538745802



9781133008422




9781133387947




9781111820510







9780415872553


9781136506772






9781111742348



9780324786521






9780538473538





9780558646387






9780558701536




9780558810917



9780805381788

























9781111574987



9781111305239



9781934931400






9781133444404



9781930882744






9781133444404



9781930882744







9781133444404



9781930882744







9780495561422



9780495391449



9781111411886



9781934931400






9781930882744



9781429219563


9781429293525






9781930882744



9781429219563


9781429293525

























































































9780321492661






9780321492661







9780672327377



9781587058196






9780672327377



9781587058196






9780672327377



9781587058196






9780321492661







9780672327377



9781587058196






9780077317157



9780738048437






9780077317157



9780738048437





9780077317157



9780738048437






9780077317157



9780738048437






9780077317157



9780738048437






9780077317157



9780738048437






9780534507787







9780534507787







9780534507787







9781133418252



9780495898320





9781133418252



9780495898320






9781133418252



9780495898320






9781133418252



9780495898320













9780205698189







9780205698189







9780205698189







9780205895151



9780205718931





9780205895151



9780205718931






9780205895151



9780205718931






9781601458599








9781601458599








9781601458599








9780446698207


9780745648965






9780743269513



9781594482243













9780446698207


9780745648965






9780814410530



9780073525051






9780470281918






9780745643328



9780745641645


9780801448591



9781569754771


9780745652108


9780415801812






9780137016716



9780133000467







9780840032157


9780618470365


9781556201899






9780393705003



9781412948340


9780968519943




9781572307179



9780789010964







9780132658591



9780133072181








9780132658591



9780133072181








9780132658591



9780133072181







9780415993234




9780471228813







9780205018178







9780131702820



9780133000405







9780672329166







9780123838728


9780123838735






9780123838728


9780123838735






9781930538832



9780763773465




















9781133170402



9780538453776






9781111742737


9781439040546






9780078137211














9781934009321



9781934009369


9781934009949






9781412961189







9781412961189













9780205579365







9781564842695


9781564842725













9780137072750


9780133000573








9780465014088



9781412960427













9781416602279


9781416603580













9781433805615



9781412988896





9780132999236




9780131367340






9780132999236




9780131367340






9780132999236




9780131367340






9781442209152






9781442209152






9781442209152






9780132595186


9780133000252






9780137002337






9781412926171













9780807746868


9780132998963




9780132316514






9780137034673



9780132999649















9780077423964




9780078097843






9780132596787



9780132999823







9780132596787



9780132999823








9780316017930


9781607090656



9781607090649


9781416552475






9780078050947







9780137070480














9780073534916







9780131592490






9780131592490






9780131592490





9780849331800



9780792372462













9780061703089


9780131014008






9780061703089


9780131014008






9780061703089


9780131014008






9780130875495













9780205041732



9780205030453









9780205006106





9780205006106






9780205006106






9780205006106






9780205344048






9780743269513



9781594482243





















9780131135017






9780393326659



9781457605901






9781560974277


9780785132615


9781582404974


9780930289232


9780375714832






9780312603168






9780312603168






9780312603168






9780312603168






9780312603168






9780390940285






9780390940285






9780390940285






9780324590913


9781111807207





9780324590913


9781111807207






9780324590913


9781111807207






9780538466462



9781133419082







9780538466462



9781133419082







9780538466462



9781133419082







9780538466462



9781133419082













9780195390056







9780321689573



9780393120639


9780393935189






9780321689573



9780077270407






9780321689573



9780393932386






9780321689573



9780393932386






9780321689573



9780393932386






9780321689573



9780393932386








9780321662644



9780321830456











9780321662644



9780321830456











9780321662644



9780321830456











9780321662644



9780321830456




















































































9780393934892






9780077485085






9781566635073






9781566635073






9781566635073






9780801882685


9780195089745






9781457605901







9780415924078


9780312294656







9780415924078


9780312294656







9780813120089






9781457605901



9780495799849













9781449615260



9780763766214







9780323057011







9780495812418



9781111739287







9780840034298


9781133037620






9780840034274







9781256310839








9781256310839







9781256310839








9781256310839








9781256310839








9781256310839








9781256310839








9781256310839















9780132130806







9781423902454



9781111509712






9780132783392



9780133072594







9780132783392



9780133072594







9780132783392



9780133072594







9780465021871



9780195306668






9780465021871



9780195306668






9780465021871



9780195306668





9780205831623



9780205895168







9780743269513



9781594482243





















9780135034392






9781437734850


9781437735109






9781111346911







9780078050886



9781412950374












9781437734935


9781437734997






9781437734935


9781437734997






9781412980258






9781412980258






9780736058032



9780736092265






9780314189974







9780735539655






9781556817731



9781556817724



9781601560476





9780735576438



9780735508774







9780314263377






9780735590236













9780314275158



9780983401353











9780073381510






9780923568962






9781412974882





9780923568962






9781412974882






9780923568962






9781412974882






9780923568962






9780923568962






9780923568962


9780077386252




9780073381534







9780923568962


9780077386252




9780073381534






9780923568962






9780923568962






9780923568962






9780923568962






9781412988315




9781412965576


9780923568962






9781412988315




9781412965576


9780923568962






9781118311714



9780470049457



9780923568962


9781412982221






9781118311714



9780470049457



9780923568962


9781412982221







9781118311714



9780470049457



9780923568962


9781412982221







9781118311714



9780470049457



9780923568962


9781412982221







9780923568962






9781412982856



9780923568962





9781412982856



9780923568962






9781412982856



9780923568962










9780324593310



9780923568962






9780923568962


9781412977623






9780923568962


9781412977623






9780923568962


9781412977623






9780923568962


9781412977623





9780923568962


9781412977623






9780923568962


9781412977623






9780923568962






9781591584063







9781591584063







9781256149132


9780321199911







9781256149163



9780321199911







9781256149163



9780321199911






9781256149163



9780321199911







9781256149163



9780321199911







9781256149170


9780321199911







9781256149170


9780321199911







9781256149170


9780321199911







9781256149170


9780321199911







9781111622916






9781111622916







9781111622916







9781111622916







9780321422743






9780495017028


9781439049242






9780495017028


9781439049242






9780495017028


9781439049242






9780495017028


9781439049242






9780321568038






9780470578216







9781133264453







9781133530237







9780470917596







9780470917596







9781133530237







9780470087039







9780470087039







9780470087039







9780470087039






9781111221317







9781111221317







9781111221317







9780077908485


9781885228673






9780073525259







9780131868663






9780131868663






9780131868663






9780073530468








9780073530468







9780073530468








9780060566104


9780684841489







9780078112720







9780324783209








9780131868663


9780205609994






9780387289861






9780387289861






9780387289861






9780387289861












9780387001760







9780743269513



9781594482243














9781449665067






9781449665067






9781449665067






9781449665067






9781449665067






9781449665067






9781449665067






9781449665067





9781449665067






9780323079426


9780071764018


9780071764025






9780323079426


9780071764018


9780071764025






9780323079426


9780071764018


9780071764025






9780323079426


9780071764018


9780071764025






9780323079426


9780071764018


9780071764025





9780323079426


9780071764018


9780071764025






9780323079426


9780071764018


9780071764025






9780323079426


9780071764018






9780803619630



9780803614048






9780801472589


9781437714166







9780801472589


9781437714166







9780801472589


9781437714166






9780801472589


9781437714166







9780801472589


9781437714166







9780801472589


9781437714166







9780801472589


9781437714166







9780801472589


9781437714166







9780801472589


9781437714166






9780763753290



9780763774660



9780763750138







9780763753290



9780763774660



9780763750138







9780763753290



9780763774660



9780763750138







9780763753290



9780763774660



9780763750138






9780763753290



9780763774660



9780763750138







9780763753290



9780763774660



9780763750138







9780826129628



9780826129635








9780826129628



9780826129635








9780826129628



9780826129635







9780826129628



9780826129635








9780826129628



9780826129635








9780826129628



9780826129635








9780826129628



9780826129635








9780826129628



9780826129635








9781449651718






9781449651718







9781449651718







9781449651718







9781449651718







9781449651718







9781449651718







9781449651718




























































































































































9780826115454







9781416003038







9781416003038







9781416003038













9780787940690


9781451160680



9781605472119






9780470457962


9780205375196







9781433805615



9780374525644



9780781758512







9780781791038



9781451160000







9781605477787







9781111138578






9781133386025




9781111138578



































9780321096913






9780470331859







9781412939799






9781452230238







9780073376462






9780073376462



9780077392215







9780073376462



9780077392215







9780205017737







9780763795122



9780763795115






9780073512204






9780470401675


9780470223550






9780470401675


9780470223550


























9780879728694



9780879725723






9781405144087


9780415999168






9780876390986


9780823007080







9780743269513



9781594482243







9780205806737













9780292708310


9780812979893


9780395901380


9780156004800





9781464105975







9781429216388






9780807014295



9780984442614







9780495600374


9781111431693






9780073382654


9780077310202






9780495506256


9781111507763






9780495506256


9781111507763






9780495506256


9781111507763





9780538745406


9781111790318






9781111343651



9781133386735







9781111343651



9781133386735







9781111343651



9781133386735







9780534574345













9780470129180







9780470129180






9780807730881









9780495410539














9780805856040







9780205835850






9781111792466



9780840032041









9781111829513



9780195330526






9780205625130






9781133620457





9781133620457


9780307387097






9780205698295






9780078111563


9781560256762


9780143050414






9781133616221



9780553267143








9781133616214




9780553267143








9780321694645


9781256127574







9781256124290



9780321694645






9781256124290



9780321694645






9781256124290



9780321694645






9781256124290



9780321694645






9781256124290



9780321694645






9781256124290



9780321694645






9781256406990







9781256406990






9781256406990







9781256406990







9780495110811


9780495867340
9780415890526
9780840034434
9780205379439
9780840029164
9781133709374
9780077333515
9780743287302
9780822217824
9780822212874
9780822201090
9780072500325
9780573693366
9780393932829
9780073382203